868120180580208
862304025865570
868120191807012
868120193941066
862304027634958
868120195866212
868120157244440
868120171007989
868120160210008
868120168472543
868120200411574
862304026631526
868120155213025
16010025553
868120200751524
868120179715963
868120200743331
868120188751595
868120193941082
868120200563135
868120114078378
862304026119498
868120200825245
868120204466624
862304025886030
868120190320181
863618020011030
862304026963291
868120192429584
868120176877436
868120167542668
862304026004831
862468010031884
862368010060430
862304026389844
868120195890774
868120188726985
868120145333586
868120188788407
863666010958068
868120180559665
862304026717499
862304027266355
862366010289066
865651031897410
868120185667208
862304026221880
868120198076892
862304026656044
868120172478288
862304026631443
868120167555033
868120186412729
868120157346930
868120182673142
868120176025424
868120160975915
868120161733669
868120167555009
868120179093270
868120162847773
868120181054989
868120185171524
868120167497525
862304025882088
868120187883126
868120198465814
868120183897658
862304026267123
862304026234354
868120157256840
868120198084904
868120203319675
868120200214796
865651032925624
868120198334754
863166010900178
868120198101286
862304026025414
868120194920168
868120178814940
868120167051025
862304026860992
868120152190077
868120168480629
868120200771845
868120139439548
862304026656200
868120195862229
862304025959845
868120189488833
868120192433909
868120158940400
868120167546743
868120156859602
868120179691446
868120162684093
868120191799029
868120162696378
862304026746258
868120188476953
868120178237365
862304026914195
868120198707579
868120168480553
868120146832784
868120195862146
868120173916146
868120178446271
868120167046991
868120174227451
868120200788302
868120162880659
868120200558929
868120192442058
868120158645462
862304026418585
868120156187889
868120166256468
868120174256104
868120180874866
862304026807688
868120166309549
868120181014413
868120163335547
868120165076610
862304026025067
868120196624248
868120198154368
868120157777191
868120168136379
868120185737167
868120176475710
862304026745953
868120173334043
868120186859465
862368010109856
868120167820973
868120162790783
862304026135627
868120194813819
868120169098982
868120183897989
868120166207115
868120194842495
868120202635493
868120191827713
868120186920952
868120180760156
868120176475678
868120198355114
868120165326510
868120178089568
868120194834278
868120188452806
868120180784719
868120167583480
868120159128955
868120181039055
351609080275160
868120165097178
862304026655798
862304025926703
868120193847040
868120179097123
868120180756030
868120198715598
868120196624172
868120189030304
868120143813654
868120158956901
868120203151490
862304026221617
868120176172630
868120167599833
862304026668049
868120158952793
868120191860557
868120198330620
868120191823696
868120186126246
862304025922587
868120186113954
868120198093046
868120198682848
868120176877261
868120134155321
868120152960347
868120193998785
862304025865455
868120177110720
868120157261212
868120189337477
862304026098916
862304026279136
868120197160952
868120185270110
862304025902324
868120195862526
862304026078462
868120179699449
868120168582739
868120195456972
868120200816673
868120154910043
868120168734314
868120198342690
862304026590425
868120163323345
862368010048286
862304026619075
862304026172638
351608088235341
868120172125772
868120186134372
868120176873203
868120186122013
868120185679617
868120180780725
868120179732133
868120188747569
868120190537693
868120161910168
862304026234016
862304026668221
862304027176117
862304026811557
868120198113372
862304027266223
868120173403863
862304026516651
862304025939128
868120198699073
358739053291085
868120176869037
862304025914501
862418060000166
868120188604190
868120186887995
868120178519739
868120194969520
868120168656418
862304026324098
868120192409552
868120198113406
868120197156737
868120198772839
868120191807442
868120164011402
862304026619018
868120198355064
868120198363258
868120199432300
862304026016918
862304026300270
862304021253797
868120180587898
868120186887391
351608088231670
868120200694708
868120140074763
863618020032035
868120176483631
862304026877780
868120200514443
868120190319670
868120176876925
868120158445079
351608088235721
358739053290913
351609080267688
868120167222667
868120185728240
868120181550259
862304026455892
868120191954020
868120167267837
351608086814352
862304026398506
868120158883451
868120160775687
868120176242045
862304026251044
868120168725890
862304027082547
862304026050339
868120166247905
868120180870336
862304026824485
868120186125453
868120189336669
868120187899056
868120174320967
868120185269401
868120183463154
868120148070102
862304026337082
868120183897336
357730090021362
862304026341175
862066010062873
868120192429154
351608088231589
868120172469584
868120159686226
868120174271863
862304027103004
868120194206758
866926030197775
868120157888071
868120180600089
862304027184913
868120172797281
862304026164999
868120140173169
868120200932306
868120188488842
868120157232742
865651032078200
862304026648322
868120165129708
868120186105000
868120198290428
862304026410772
862304026521586
868120176119219
862417120002252
868120201083711
868120166456621
868120196635897
868120188742768
868120170511718
868120167513396
868120193006753
868120200682299
868120172486034
862304026079221
868120170941816
865651031992237
868120202263403
868120159239836
868120180583897
868120157228732
862304027234262
862304026197957
868120157249191
868120186141807
868120180604354
868120179084766
862304026210271
868120173333946
862304026091473
868120168488309
868120163331777
868120180608462
868120168459532
868120183598181
862304026423213
868120168787205
868120198064971
862304026673072
868120197016766
868120181046340
868120200215397
868120166251873
868120182664257
868120188722208
868120180862036
867597011500128
862304026181514
862304026320781
868120153083446
868120186899511
862304026292105
868120176483797
868120176987565
868120196631698
868120166251840
862304026668957
868120154902024
868120167562575
868120198876010
862304026419096
868120188017690
868120185699391
868120179768731
868120185736250
862304026349459
868120196144486
868120181022093
862304026746480
868120157224731
868120202549959
358739053298833
868120169852115
865651033851415
868120198093442
868120188452343
868120178519135
862304026762875
862304026054265
868120181132694
865651031889425
868120198097559
862304027172447
862066010063202
868120169135339
868120163303248
868120187350464
868120186109424
862304026537566
868120146361933
862304026095193
868120198052539
10177392047
868120174234663
863166011047235
868120167496840
862304026656325
351609080201901
868120195009888
868120200739479
868120180862390
863618040003635
868120198699685
862304027266629
862304026418734
862066010063111
868120157372241
862304026381866
16010021123
868120178994221
868120196595000
868120194825490
862304026742331
868120149487586
862304026340896
868120203139735
862304026983992
862304026578495
868120114975177
862304026021439
863166011026726
862304025894463
868120191921532
862304026111537
868120198359769
868120160923394
868120157294411
862304026017288
868120198068972
868120187489676
868120180870633
862304026775059
862304026439177
868120166255817
868120142024279
868120198089440
868120198363886
862304026181126
868120200829650
862304026213895
868120200694484
868120196328725
16010025264
862468010031181
862066010067260
868120154931072
868120179096810
868120200563234
862304027184889
862304026312424
862304026509045
862304026857212
862304027250417
868120193007033
868120185670996
868120173329555
868120200788526
868120173878411
862304026332927
868120185507164
868120195862013
868120200743463
868120159199139
862304026586860
862304026611437
862304026963671
868120191974788
868120179707077
868120200559109
862304026644180
868120162676685
868120198769207
868120200821269
868120188591447
862304026332893
862304026246879
868120137895501
868120181050680
868120158654357
868120195857872
868120179387615
868120188452160
868120165776425
868120183168274
868120154959685
862304026762933
868120152985369
868120196959677
868120163332031
868120187903270
862304027205296
868120191798757
351608086798084
868120185691414
868120163307439
351608088235820
868120193793426
868120154988320
868120188583204
868120192429535
868120183958856
868120198089317
868120167136339
868120196590985
868120200575576
868120166587474
868120163323782
862304027242117
868120172055540
862304026687858
868120181021327
862304026343791
868120195865198
868120179088239
862304026708340
862304026196322
868120178867047
868120165075851
862304025893226
868120181140101
868120198479245
868120202595788
357730090076069
868120168459227
862304027232621
351608088234203
868120183593604
868120169847792
868120184937115
868120194816630
868120176474911
868120188742362
868120187501272
868120191851028
862368010008199
868120198057405
868120197245506
868120191838751
862304027273542
868120165075901
862304026065238
868120179719007
862304026892599
868120168549258
868120169098115
868120188787383
868120176274295
868120194963994
868120200920574
868120194877970
868120189336131
868120179735342
868120198643154
351608088234153
868120155211938
863618030000324
862304026126642
868120201645550
862417120003606
862304026458417
868120180591379
868120199441905
868120200633797
868120142035291
862304026089741
868120157370492
862304026089733
358739053298684
868120173923191
868120172477280
868120167226320
868120159189064
862304026179856
351608088225920
868120186104482
868120183904991
862304026106347
868120188451451
862304026749427
868120157235349
868120166513454
868120167062311
863666010278988
868120200518956
868120206114206
868120187488892
868120180603877
351608088229997
868120198462746
868120200707385
862304026171895
868120192440995
351609080218939
868120196713181
868120173882298
868120198085935
868120195865305
868120179710931
868120196631243
868120156858539
868120198683945
868120193833727
868120196508375
862304026356181
868120176253836
868120166558483
868120163289280
868120197163725
868120200437017
868120139352501
868120178985898
862304026335656
868120198896984
351608088229948
862304026122658
862368010061438
868120188447285
865651032273348
868120197212837
351609080214862
868120180517804
868120203316481
868120196635301
868120158947553
868120192412382
868120197774703
868120153049140
868120196340357
868120179747719
868120193923759
868120188733981
868120155228189
868120180599711
868120166456134
868120157239523
868120200961354
862304026118557
868120186120744
862304027228546
862304026716558
868120154937350
862304025860506
862304026159510
868120161728685
862304026024342
868120200703137
862304027240574
868120187325417
868120114976662
868120198458504
868120185502660
862304026499197
868120167266995
868120157260057
868120200731823
868120196959081
868120199814333
868120180570720
868120152189392
868120196713322
868120160242001
868120146843757
865651033001987
862304026581101
868120200649918
868120179804767
868120167246492
868120176867940
868120176474648
862304026962012
862304026630239
868120191511325
868120159189262
868120162625872
862304026298458
868120180783687
868120191839007
868120196590407
351608088234435
868120199818391
862304026310741
868120140462125
868120124622611
351609080222881
868120200375449
862304026433618
868120163621193
868120167824009
868120198991066
868120176880141
868120200740071
868120200637673
868120162662701
868120188738493
868120198335694
868120160958739
868120152975766
868120139225178
868120198655182
868120162748724
868120202230931
868120167824108
862304026499114
868120185699227
862304026732563
862304026822679
868120198061282
868120187882383
862304026265606
868120200412366
868120169114292
868120185494462
862304026142748
868120180820984
862468010081871
868120167041752
868120196971268
862366010105502
862304026691827
868120190315421
868120168733258
868120178981608
868120176470711
868120157239697
868120176880331
862304026261738
868120185662282
862304026810617
868120198335496
868120191290268
358739053298205
868120181046019
868120176515747
868120187124604
862304026065139
868120194845639
868120200739842
868120167066114
862304026482888
862066010085346
868120200772629
868120137914450
865651033120936
868120175983243
862304026114259
351609080218657
862304026974413
862366010105437
862304026945736
868120191798252
868120196639675
358739053294170
868120146831547
868120186149644
868120188488495
868120200825963
868120175991535
868120203312142
868120189078311
868120198224989
862304027199655
868120183073649
868120169105951
868120192404447
862304026548373
868120196971409
912325678012382
862468010036958
862417120004003
868120193997738
868120168561188
868120157309433
868120200420427
868120181128056
862304026364060
862304026921091
862304026724487
868120179731093
868120196623240
862304026396823
868120197168013
862304026384530
862304026376338
868120173918951
868120188594425
868120187312365
868120176474416
862304026704752
868120166554029
351608086137564
868120185510085
862304026782584
862304027102071
868120166578598
862468010048805
868120180828318
868120200855465
868120200921002
868120162880121
862304026262389
862304026557291
868120179087728
868120169089502
862304026188618
868120198303650
868120180783448
868120192403472
868120158935566
862304026532674
868120163338830
351608088234682
868120176871694
868120196716606
868120158693991
862304026303274
862304026200876
868120161065492
868120206114628
862304025905962
868120163699256
862304026958648
868120198348747
868120190261328
868120166234622
868120194897929
868120181135580
862304026692395
868120165124550
868120194918402
868120188483751
351608088021691
862304026962731
868120162793985
868120161987083
862304026721046
868120191846465
868120196970526
868120139733866
868120196655127
862304026565401
868120162875915
862304026057474
868120161757759
868120164624873
868120185682090
868120139955055
868120182024429
868120166533593
868120198529015
868120198340595
868120204459934
868120180824309
868120186136740
868120200826821
868120176167242
868120162658840
868120185268403
862304026684400
868120183445540
868120166250792
868120180603380
865651031483377
868120186148950
862304026954746
868120196970740
862304026885114
868120186902620
868120189347997
868120153004616
868120189335711
862304026160120
868120159140521
862304027253734
868120179788259
868120179702268
868120200625983
868120186894413
862304026667991
868120200560388
868120202661747
862304026905540
868120178985427
868120176458120
868120197171405
868120152554082
868120162314964
868120162753245
862304026397615
868120191826152
868120167217535
868120196024480
868120174115292
868120183904363
868120198655828
862304025893804
868120191813861
351608086800922
868120198340439
862304027270050
868120200789862
868120179104176
862304026450869
868120187705345
862304026073984
862304026921885
868120191097085
868120166238557
862304026418072
868120162880154
868120176867767
868120196630658
868120200519517
862304026753932
351608088226811
868120142010914
862304025897573
868120200924857
868120167528626
862304026372709
868120196577651
868120200580782
868120179505257
862304026466915
862304026434145
351608086129611
862304027187817
868120200736434
868120198074012
868120173385748
868120200937131
868120200773288
868120166353083
868120179091571
868120167057592
868120147651472
863166010001787
868120183900544
868120190470457
868120200740493
868120192039177
862304026004039
868120203783904
868120188447160
868120179701799
868120186112402
868120187365793
868120192424304
868120185493894
868120191826301
862304026270267
868120173914190
868120200580857
865651032965703
868120200515325
868120158886751
862304026331663
862304026221070
868120177109037
868120166238409
862066010051884
868120177444905
16010022188
868120181135846
868120194824501
868120176056395
868120183900627
868120191809885
868120190277993
868120179087389
868120197167361
868120188787086
868120198643451
868120196970757
868120182663663
868120166578390
862304025959142
862368010065207
862304026299118
868120178239700
868120157252500
868120181127439
868120186530140
868120194976210
862368010102067
862304026278625
868120160361413
862468010044580
868120196639212
868120189340059
868120165124105
868120198721083
868120192428438
868120170825795
862304026602204
868120157248441
868120200834577
862417120003576
868120198659630
868120158649233
862066010068466
868120200814082
862304026704562
862304026872500
868120165738581
868120196639162
868120158665700
868120198057538
868120174262490
863666010984312
862304026196645
862304026032824
862304026106552
862304026221245
862304026798754
868120166238326
868120168896543
862066010076568
868120200699517
868120173885689
868120167635033
868120198471267
868120179390593
868120198364769
862304026675861
868120179697799
862304026942097
868120180517010
868120186911035
868120164624493
868120187259137
868120180869502
868120203775520
862366010289173
868120194865579
868120178247844
868120179771529
868120202604085
862417120003519
868120190118395
868120189221366
868120200896071
862304026327703
868120180775055
868120146834806
868120167040929
868120198476167
868120200704424
868120159138871
868120188479221
868120198713742
868120197006957
868120193820252
868120167241642
862304026273147
868120197865873
868120180856467
868120167249827
862304026183031
868120164595610
868120159691820
868120181134997
862304026305907
868120200577408
862368010058384
862304026674518
868120183969432
868120172480292
862304026846553
862304026203482
868120180512581
868120157283364
868120172152768
868120198279603
868120158938123
868120183600797
868120166250388
868120187934424
868120167548806
868120200921473
868120198341049
358739053293487
868120200573340
868120194500127
862304025961767
862418070000298
868120120920738
868120193775118
868120199442903
862304026039597
862304026125602
357730090028003
868120180778810
862304026903867
868120176461694
862018010000649
868120206106947
868120153007254
868120203334039
868120197849539
868120183441143
868120196716077
868120158348406
868120198656461
868120166455292
868120195212813
862304026572076
868120176478060
868120166680519
868120188446360
868120178984719
351608088229021
868120197223966
862304025896203
862304026453251
862166010233480
868120191833687
868120188622473
868120153044133
868120181024511
862468010079040
868120186099369
868120174233442
868120159241295
868120188409483
862304026359060
868120192415302
862304027239683
868120172484468
868120176879408
868120202109366
868120197170696
868120187889255
868120196503269
868120186111578
868120185726541
868120189122168
868120188610163
868120177108930
351608088233072
868120191809208
868120179722225
862304026519010
868120192399019
868120188450412
868120177096671
868120200417597
863166010660582
868120180787183
868120186893936
868120191882882
868120161961161
868120192992912
868120192394895
868120196585167
868120192837257
868120200511761
868120192439948
862304026297823
862304026641863
868120187500126
868120176875513
868120187905622
862304026969546
868120173909927
868120166639465
863666010255366
868120167548798
862304026670516
862304025892269
868120168736517
868120198103365
862468010042360
862304026756539
868120196343468
351608088237099
868120198091099
862304026867104
868120178247554
865651032178141
868120188589615
868120158938347
862304026838444
862304026695083
862304026158512
862304026289549
868120181036655
868120198066539
862366010077958
868120181032548
862066010077871
868120175962064
862304026375553
868120200610126
868120162882705
868120186115629
862304026707334
868120198074749
868120194934433
868120180578186
868120160941222
868120167561031
862304026498447
868120185661383
868120161781072
351608086824401
868120197023614
862304026989692
868120180856707
868120188614645
862304026772601
868120186116049
862304026125412
868120181024669
868120196626284
868120189347609
868120204128505
868120186914757
868120181127058
862304027255911
868120188602343
868120196716382
862304026989650
868120180508241
868120177464937
868120198684851
862304026313794
868120196597584
868120168777461
868120201080972
868120149009836
868120192427778
862368010066825
862304026416209
351609080264867
868120188618695
868120198361286
862304026727472
862418010000953
862304026879026
868120167519997
868120161776924
862304026215460
868120140186708
868120164037951
868120114973644
862304026944549
868120191014726
868120168461983
862304026403900
868120166631165
862468010070627
862304026235963
868120196630310
868120169109144
868120188991407
351608086123911
868120185501589
868120171034298
862304026735632
862304026555410
868120185702310
868120153638280
862304027059230
865651033853049
868120154981770
868120178169386
868120201146575
862304026002462
868120186890155
868120191801171
868120198111475
868120157234540
868120167564993
868120168453808
868120181544955
868120198709278
868120180840206
868120187766628
862304026031339
862366010057315
868120187320160
868120178980576
868120188602228
868120200773676
868120187905911
868120188594029
862304026313976
868120152954191
868120182363918
868120198475797
868120200794151
862304026436850
862304026440944
868120198524958
868120201019418
868120203145336
868120174229168
862304026445000
862304026682586
862304025900237
868120193009567
868120200282124
868120168154653
868120146842841
862304027272395
868120198709286
868120157304236
868120203735144
868120202637432
351609080313888
868120168457841
868120198459452
868120183457560
862304026121387
868120154928441
868120181028686
868120153007387
868120178513559
862304026260649
868120193845135
868120167048815
868120200786033
868120200790126
868120181012318
868120196941741
868120200773734
868120191965182
862304026297484
862366010012161
868120198115435
868120196941725
868120152982846
862304026887326
862304026629272
862304026932379
862304026162308
862304026899594
868120198525054
868120200925250
868120173315331
862304026986359
862304026187628
868120160728645
868120154978032
868120153081564
862304027203440
868120180860063
863166011032674
868120183461042
862304026412919
862304025896831
862304025921407
868120162682493
868120205861864
868120166258100
868120200438718
351609080335238
862304026257264
862304026564461
868120194925688
868120200749981
868120148125344
862304027182941
862304026347339
868120181724334
862304026748767
868120166585734
868120192787478
868120191689733
868120184038542
868120180602176
868120180557131
868120181015733
862304026318678
862366010270173
868120196625476
862066010089595
865651032170312
862304027162430
862304026920754
868120148072132
868120172479815
868120167249397
868120179000614
862304026130214
868120164992460
868120198472653
351608086136459
868120185689236
868120201667554
868120200324082
868120195036162
862304027035438
868120200795109
868120176878871
862304026314545
868120198349786
868120198652924
868120166245834
868120165086692
868120204133257
862304026543895
868120200774617
868120186926264
868120163329557
868120187196545
865651032960878
868120189965426
868120183321808
862304025868061
868120188732553
868120169854376
868120186930258
868120196629759
862304026339310
868120163309310
868120187933798
868120181720068
868120204063595
351608088237693
868120176190897
868120183047205
862468010054076
868120186131543
868120180606458
868120179611113
868120196973801
862304026007545
868120193844443
868120200520507
868120196637927
862304026855406
862304026322928
868120200561469
862304026712045
868120196973785
862304027047896
862304026466253
868120177161699
868120188806225
865651031891876
868120196969684
868120180512219
868120172361054
868120198333236
862304027207631
868120148063800
868120185148530
862304026437551
868120194761885
862304026372006
862066010044558
865651032162244
868120164631894
862304026384316
868120206111707
862304026625957
868120191812863
862304026765225
862304026892201
868120162879107
868120169104673
868120193774764
868120199443323
862418010000789
868120169854269
868120200708938
868120194884786
868120179762577
868120180782465
868120200831821
866926030101652
868120185730097
868120189035527
868120186401839
868120191653085
868120183592028
868120167069019
868120166479185
868120183043154
351608086828584
868120168551627
862304025888358
868120171791608
862304026142318
862304026265192
868120188798448
868120177099840
868120185697742
868120200700588
868120187332066
868120180577378
868120200397492
868120200917679
868120160728918
868120141047354
868120180630631
868120186123722
868120200520374
868120180741222
868120168711379
868120146843245
868120193733992
868120139359787
868120199439024
862066010073441
868120172483627
868120141604352
862304026658388
868120205906651
862304026220122
862304026228315
862304026994254
868120140469807
868120194848096
868120181130672
868120180716620
862304025900633
868120194835739
868120197158196
868120168137971
862366010286245
862304026342959
868120198652635
868120196973884
868120153515926
868120169862288
868120183596524
868120198279884
862304026158629
868120157280089
868120157697886
868120188601782
868120174257243
868120187995565
868120176874524
862304026678816
868120181032415
868120162883380
868120170947763
868120176866330
862304025921084
868120164279504
868120172885078
868120157284214
868120152197031
868120187905408
868120189461871
862304026236425
868120194970940
868120167568606
865651031010840
868120176485461
868120198648567
862304026183171
862366010269837
868120203670200
16010023210
868120178238520
868120198349547
868120177464374
868120154990466
868120200815303
868120200786629
868120194811169
862417120004404
868120197162248
868120202666563
862066010061255
862304025945828
868120194835929
868120182011160
868120179000556
868120180778232
868120148076299
868120148297481
868120147785478
862304026035942
862418010004722
868120160942030
868120157284230
868120191825337
868120140523140
868120154961772
866926030151152
868120158951332
862304026494701
868120185722201
868120192398755
865651030548220
862304026048200
862304026384076
868120179709123
862304026539737
868120200434188
358739053296696
868120198079011
868120180585694
868120196568528
868120193791461
868120181056828
862304026863301
351609080334892
868120162424797
868120194811375
868120199442986
868120157292456
868120179692766
868120162666405
351608086824724
868120160708480
868120160229263
862304026744501
868120191854063
862417120004481
868120167236725
351609080265294
862304026502818
862304027035297
862304026445489
868120171037754
862304026396336
868120203129348
862304026719891
862066010024352
862304026162829
868120176473301
868120190981628
868120189822445
868120188597527
868120191948246
862304026801798
862304026318488
868120192423371
868120198476407
868120179709081
862304026474133
868120174257391
868120146839177
862304026669427
868120191836706
862304026927486
868120192410162
868120198346121
868120158892080
868120202581457
868120205907428
868120186397391
868120189068007
868120200558010
862304027046245
862304026829161
868120191918595
862368010104477
862304026509656
868120162635855
868120178512767
862304026657117
868120198526383
868120188773060
868120180749126
868120198063536
862304026243413
868120188584640
863666010416257
868120198694306
868120160231541
862304026210602
868120203642258
868120190489176
868120190308954
862418010000187
868120198337997
862304026493216
868120201070056
868120168776596
868120166646783
868120191857264
351608087154865
351609080384962
862304026308877
868120163323931
862318020002658
868120165753846
868120168563630
868120152977598
868120191865408
862304026366214
868120186114739
863166010913296
868120180871904
868120193847867
868120180867837
868120176173893
862304026870017
863666010375370
868120185684658
868120183440095
868120158646361
868120180585231
868120188740234
357730090061780
868120186114655
351609080274205
868120166245164
868120198087949
868120162631904
868120183599650
868120180556794
868120197854471
868120176169917
868120180597731
863166010266356
868120194917065
862304026530272
868120198198548
868120198718733
862304025899504
868120162877689
351609080323333
868120183595583
868120199001345
862304027234791
868120163311845
862418010004451
868120179102667
868120198235431
868120176178066
868120192995998
862304026829278
862304026272198
868120156180652
357730090061574
868120186102387
868120154984535
868120162844879
862304026702301
868120189043265
351608088227918
868120129351380
868120194831084
180300000010807
868120197014209
868120177443832
868120192406145
868120154988601
868120167527289
868120196338336
863666010506362
868120200525159
868120200627559
862304026866098
868120192479993
868120198710615
865651031992773
862304026866106
868120166241148
868120198133073
862304026145212
868120198661446
868120202261779
868120180773803
868120155164715
868120198112598
868120187318834
864777030023665
868120200418629
868120202626336
868120203670846
865651032967667
868120154963976
868120194765480
16010016446
868120168665906
868120176473038
862304027038085
868120161771693
862304027242885
868120196584319
351608088228346
862304026095722
868120196600701
868120168555214
868120200737960
862304026501240
868120167498416
868120178246234
868120180638311
868120200889514
862304025870463
351609080269957
868120186102726
862304026644586
868120182023041
868120159133989
868120186102783
868120191001392
868120199443638
868120191963906
868120192414487
862304026169410
868120196957010
868120157307197
358739053300415
868120168452834
862304026288194
868120194851702
868120166240926
868120159203592
862304026214489
868120185725949
868120198526136
868120187495376
868120192434949
868120203785453
358739053300399
868120196715327
868120197878991
868120196596537
868120173339208
868120141049954
868120162754862
868120169112205
868120166458106
868120203650178
351608088236463
868120162754870
868120192971619
868120176480868
862304026800162
868120173912640
868120188588963
868120168567441
868120188601246
868120197251868
868120181548014
862304025911309
868120172483171
868120169104046
862304026468382
868120198325489
862417120001853
868120196961038
868120172474998
862304026460181
862304026083348
862304026828809
868120198464767
868120164381193
862304026718455
868120200733738
357730090024507
351608086143307
868120199803963
868120168579677
868120152973647
862304026575079
862368010096418
868120166646320
868120202675291
868120172356203
868120164614684
862304026018039
868120154968421
862418010000092
868120180859693
868120180851500
868120198202415
351608088232272
868120203146359
358739053296191
868120158945680
868120198108216
862304026878150
862304027209934
868120166240793
357730090024465
868120122847160
862304026120405
868120199443539
868120161784209
868120134967311
862066010066817
868120168927744
868120144404636
862304025874606
868120196621236
862304026153125
862304027271348
868120196850603
868120161739138
862304026755234
868120172352038
868120167256681
868120193000426
868120196588450
868120152961287
868120194839483
868120160240047
862304026075278
868120197153692
862304026722457
868120187876104
868120188736281
868120171606541
868120160801202
868120169812515
868120196715400
868120166236759
868120181126001
868120180572809
868120169566756
862018010000197
862468010038582
862304026784630
868120181055622
868120163639930
862304026899321
868120203794398
868120180814177
351608086819526
868120187338998
868120167223715
862304026657646
868120167227807
862304025928519
862304026489677
868120198358951
868120185692396
868120167252375
868120184987805
868120176460035
868120200869771
868120167256459
868120154989260
868120198772649
868120186101991
862066010020988
868120198698919
868120129350747
868120200836994
862304026899255
862304026534704
862304026198831
868120195514408
868120167711230
868120205907899
868120167055851
868120153035420
868120192413810
868120188489899
868120186892417
868120154993320
868120162931254
868120180781350
868120167227880
862304026755887
868120198469592
868120198641638
868120187502734
862304026292998
351608088228494
868120198641653
868120148132597
868120186134695
868120187216020
868120200644570
868120180560143
868120202151863
868120197152777
868120198682392
868120203716441
865651031428091
862304027108342
868120191860904
868120200394549
868120187990129
862304026338296
868120178991615
862304026326010
862304026608615
868120188997743
868120191795381
868120198711043
868120167821609
351609080327938
868120167059713
868120198305572
868120157373108
868120149221936
868120198698810
868120186658941
862304026506207
868120191029435
868120172466622
862304026199003
862304027173833
868120189456574
862304026330079
868120189034561
862304027059149
868120193507578
868120188608589
868120181133361
868120189124685
868120202606460
862304026497969
862304026530736
868120193933444
862304026387368
868120180588987
868120167235958
868120160944788
862304026133408
862304026506173
868120176460258
351608088232488
358739053291846
868120176873880
868120183595120
868120163295907
868120191033551
868120198104918
868120198715200
868120185745442
868120191795407
868120158909140
868120179700106
868120192991450
868120155288068
862418010003854
868120167498051
868120127696034
862304026280852
862304026825615
868120179700122
868120166658390
862066010066106
868120154964990
868120162644832
868120198354562
868120165081222
868120194826589
868120167534772
868120200570551
868120178520133
868120205166314
868120166662335
868120163328864
868120192434469
868120160797533
862304026677842
868120178237555
862304026894942
868120187744716
868120186929656
868120172261593
862304025936470
868120167538831
868120196505942
868120171823310
862304027259459
868120179789893
868120162653023
862304027021891
868120198706852
868120173424703
16010028292
868120180785203
868120198719194
865651031890506
863166010593585
868120196583733
862304025862700
868120153076614
868120188596651
868120180776996
862304026853922
862468010087522
868120191385977
357730090020083
868120199448264
868120198469337
868120200521471
868120191873402
868120198330075
865651031870060
862304026317324
868120160707367
868120187498883
868120191803714
868120200828629
868120133669587
868120172322973
868120198698737
862304026010119
868120146829830
868120187904401
351608088236943
868120194748718
865651031890555
863666010236853
868120166326485
862304025944607
862304026563083
868120152179641
868120166244563
862304026239726
868120179720419
868120180863240
868120153219933
862304026616568
868120186397011
868120200738349
862304025957096
868120181137669
862304027263733
863166011015679
868120162644980
868120200885801
868120179093759
868120160707540
862304026575590
862304026780398
868120199009793
868120160252885
868120181014801
868120180789486
868120180777168
862304025924294
351609080274494
867414030015080
862304026960594
865651032943288
862018010000109
868120188735838
868120179716300
868120200418827
862417120001531
862304025907927
868120180572353
868120185733489
868120165126183
868120163312579
868120191971743
868120160252919
868120166314002
862304026731185
868120153068306
16010016131
868120201098867
868120202053127
868120185688329
868120146838203
868120171012138
862418060002711
862304026575525
862066010082707
868120187900219
862304026092208
862304026485428
862304026792617
868120176259304
868120191828422
868120185299242
868120173883643
868120196960667
868120166256716
868120167247953
868120176881826
868120186138928
868120197235077
868120192995782
868120166256732
868120189276667
868120167796801
862304026829450
868120176881842
